6844
887
6450
6131
7092
7541
3825
5829
8887
7809
4187
1108
5110
70
118
9392
8917
7605
1097
3154
7231
753
7027
5653
707
1679
6083
1390
4888
6956
3681
1225
7455
799
9923
1082
313
6980
1653
8468
5845
8784
4716
8635
6329
6003
1227
7040
6855
9932
5552
5731
4494
890
4152
2661
6446
8455
3774
9588
9187
1129
8885
4260
6151
2133
1012
6686
9060
5891
5524
7532
9116
9878
2085
5269
2460
179
9160
835
7722
284
5539
1659
2880
2026
743
9506
1216
7826
858
7910
2931
6398
9088
6767
627
7544
2438
3768
2276
7964
3732
4784
4602
3772
9634
2202
7356
6160
720
5051
3533
9327
5558
1127
1932
6573
2773
4954
4009
1614
8776
5671
9315
9292
3511
3901
4969
4374
9734
1575
5086
8664
9161
3682
9116
131
2837
1846
5998
695
8184
2287
6123
2926
4534
3790
6026
4907
5753
408
613
7812
6076
7646
2549
3051
9679
825
6589
3821
4811
1563
9321
7482
3136
8244
3541
7091
6545
5175
4264
4753
7264
9922
447
8543
6229
8505
8085
403
4124
5876
4670
8566
7444
4678
4166
932
320
4158
8322
7533
9985
9381
3151
7364
2768
5000
59
7252
6488
6759
5770
3721
6837
3114
4124
6244
6109
4449
5950
4263
6792
1246
8772
7584
5180
2146
990
5602
6096
774
5275
6848
1468
1876
1581
1911
8103
7750
8490
984
8443
1345
3456
7756
9203
3980
8133
7952
4244
7725
1590
1480
998
5872
9125
700
4296
7845
946
636
306
2833
6300
5301
71
2065
6249
8108
8031
6452
1777
3832
4770
7068
6923
9805
9237
5150
2702
4802
3871
5163
2003
4847
9150
8654
7146
6309
3785
8691
8117
1274
2018
5431
1190
5956
7656
9919
5067
8695
4559
4849
2451
1001
3601
9161
1098
6470
2488
2189
6648
7917
9847
8991
3721
7589
8064
5709
7655
3437
1113
2291
3121
8702
4961
2483
3476
642
6711
7626
4269
456
9370
5209
4701
5744
2386
7750
2668
825
9026
5765
2639
2662
2253
2047
2152
2984
6594
9164
2950
7633
7433
7311
7737
2726
3592
5412
4511
173
3662
8682
1444
4450
4142
1937
1446
7480
3947
7292
8801
665
2300
402
2403
6678
424
3293
6407
8695
6166
6833
9760
261
2934
4943
6015
9836
1454
6338
3539
2152
8620
801
9346
1914
7948
1042
2070
6651
7120
7085
7906
8842
5247
713
3813
7349
3158
5129
8749
827
4600
8962
987
5395
6611
4323
9578
957
2154
7203
1198
1239
9027
4598
4022
1460
6379
6161
1440
3063
9389
9179
9253
6241
352
9956
2183
9151
7003
381
851
37
578
601
7588
5020
9462
2572
2949
6997
4017
8144
7161
3033
9422
1526
431
6969
3637
9108
5118
6017
6556
2934
6469
8860
9655
8829
8734
4695
1026
6235
423
8013
5198
6620
9205
3470
3880
8731
5211
1217
6486
9592
4281
6411
1406
2210
3735
9725
6569
3477
4906
115
4428
9453
11
8808
3880
5987
9191
2646
607
3590
3472
5339
6451
8700
3473
6545
4885
1504
9148
5569
2836
1212
4970
7434
9083
9739
6899
5885
6878
9178
4920
4619
634
7686
6827
6391
5336
8187
387
3003
5892
9586
838
8719
3371
3501
712
3487
5489
9544
1480
3390
4242
9497
5067
129
435
7521
3593
8298
1574
6164
8718
1365
2810
5285
8622
2523
3937
4669
6354
3798
2039
9548
23
4369
3012
6767
8324
2120
7783
6183
9490
1879
4603
6062
469
260
7561
7908
9099
3888
4548
249
4415
967
2384
5988
8439
8764
6682
3025
3586
1954
4193
6
9003
4116
7147
7981
9918
9421
5289
8620
3299
2058
5849
7411
5049
4890
9881
7443
341
6820
7045
1371
770
7066
490
6696
9752
3219
8817
1193
9361
2871
1437
1903
5277
7341
4734
124
8293
5111
9526
5886
368
7232
8707
7139
4168
160
7501
6542
60
1639
1252
4083
1337
8910
6962
5751
4019
2778
236
2176
1759
9961
8535
2490
8387
1189
3500
9024
9950
1377
4954
3678
8643
3973
2703
2401
1548
6952
9507
2401
1432
557
3765
4499
3763
7878
282
5479
203
8079
2854
4754
8787
1594
9070
6569
5738
7541
4326
4434
7245
8552
717
5189
5672
1318
1475
8666
6974
8885
4526
9191
38
7039
7148
9212
3405
3556
3364
8964
4246
6206
613
1586
3909
8524
2690
2093
3859
7927
8610
5792
3331
5302
9426
2524
83
3577
7961
506
7041
3501
8471
9480
1863
1076
6477
1200
8384
5377
2773
8428
1056
5965
5166
6363
6050
4605
4872
6692
2513
4448
6628
1982
4460
3212
3349
1331
1070
5122
6649
3658
6543
3493
1034
5215
2129
244
5344
2045
8013
9290
4083
723
2357
4342
3820
1003
8591
3302
3816
8834
871
414
9874
756
7244
2125
2372
1953
2176
3837
577
7792
4261
4389
7370
5280
8319
4808
9332
5017
1907
1163
6555
3372
4088
330
7188
4032
1870
1671
7854
4247
5058
1572
8228
1313
4249
9379
8535
3382
7846
6922
7428
731
794
2753
3043
272
2474
6521
8404
4431
3475
9179
8133
9241
5768
6947
6072
9193
2482
38
4533
5746
7933
3537
3479
8601
6270
804
2700
6758
1346
2560
1997
2151
6840
1116
7041
7460
4981
1019
5058
5579
9130
3889
4023
3237
3395
8967
5068
8989
8821
6414
2762
2055
1622
4567
4668
857
6578
5831
539
1845
5863
4588
116
2973
812
7422
1326
9339
4090
3423
5751
8692
1992
4713
4953
2471
1019
8945
7090
2375
2414
3631
8083
3948
2246
7821
5078
3406
3456
8929
6966
7563
2043
303
6839
3292
977
4070
3799
4848
1719
5131
5461
4186
6703
8443
7319
3625
7736
3948
886
8662
2834
7918
4429
1107
5109
2655
1470
3742
2062
9320
453
9053
3108
3981
2447
2220
4851
3524
2231
7068
9590
7198
4286
2368
8467
5410
3812
7117
2486
5818
6753
1113
2523
7175
545
4601
3194
5445
2457
7341
9996
4518
7578
4187
2644
5216
2136
2792
2848
3374
873
8888
696
9767
5930
4129
4517
4249
6797
4895
1952
2393
8093
921
1358
3127
6896
8249
1984
446
3327
3391
58
2874
9704
862
4303
5904
6128
7016
4964
5809
3865
7171
1554
1848
3984
1896
7414
4192
9132
3233
7896
918
9027
3903
8710
3137
529
1240
2209
8710
5299
2483
1108
6351
5741
5445
1346
9917
9032
5751
330
9224
6970
3763
9645
6469
9473
5112
3245
7813
8878
2210
9422
7915
4577
774
6131
6645
8177
1897
7515
8403
2353
4955
921
1248
1879
6795
8440
9578
7599
1611
7201
23
2326
382
3945
8371
9023
7174
7983
3700
1482
8775
1994
4244
114
6677
4737
1698
2375
1650
1896
5269
9604
8596
1443
1833
573
8916
1607
4451
7212
4911
5815
5900
7887
7821
9568
3023
3399
6922
2802
5284
4088
442
9635
7418
5019
889
1750
1941
6621
8628
4499
5424
1131
2842
9730
5972
1452
9837
6068
2377
5809
4191
5318
9828
90
650
5713
57
7670
6768
7995
9272
34
5984
783
9880
352
5563
5330
5966
68
770
206
5704
3015
1097
2510
7709
9779
677
3655
374
6257
8735
3193
8559
8087
3694
2279
8507
3867
3317
6981
8468
7314
3988
829
2925
8907
9620
1141
7777
9293
3655
7365
9939
9262
5311
5402
3342
753
8435
9967
465
7453
4189
1491
5152
5385
6262
9061
5956
8821
1674
8063
2992
18
6286
7046
2649
5750
7457
2793
8652
4714
8007
1554
1643
3326
8704
4324
693
2298
9968
3644
1895
9343
8077
3336
366
1552
6395
4331
7821
8730
4725
7589
5372
2898
6542
8140
2998
6864
111
17
2143
7952
6412
1429
6525
393
4993
3230
2562
1107
6013
4047
223
1593
4899
4066
2305
742
5584
574
854
5059
5480
1230
7571
1544
3821
8555
5089
5128
5668
6369
8179
4295
7295
3275
6004
1990
8175
9435
6525
8819
8350
6091
6610
4364
8661
3272
1417
1114
8067
1815
9161
2475
8528
8107
8400
3329
1053
5084
4654
5590
1320
9126
7370
8961
3295
7628
3340
4418
1930
7994
1488
9621
7103
8234
2349
2345
8240
8271
1097
4545
3697
9195
2328
9724
5555
8073
2406
4406
531
7118
2794
5917
8051
4611
715
6854
7633
8531
1805
8154
2752
6353
2418
6132
2638
2020
9995
8288
7570
9318
5461
2837
2133
9124
3413
8085
5160
4077
7778
375
792
7645
4154
4904
9666
5420
48
9109
2225
7301
9867
2881
5273
5619
2206
3774
6481
5687
5449
452
7602
9711
3518
9616
6729
5833
3726
3063
1875
21
6417
1596
4320
8380
8548
4129
7340
2557
8011
5665
8787
4153
2295
9691
8007
7889
6718
5449
7099
8092
3813
1625
568
3225
4355
8987
9340
1318
3341
6354
1244
2218
9049
4263
7604
1847
3456
655
7248
7176
1007
5856
8105
5898
8027
2758
4032
5456
6860
9236
2743
264
6230
3557
162
7914
8425
1255
4335
7975
5000
1803
8589
4638
9412
5627
5068
4801
5048
4460
6149
5252
2276
6088
3810
140
6538
1338
7955
2552
5565
5665
9167
3870
4196
3739
8525
7131
9020
6153
4993
431
4147
5081
1770
5456
2979
1483
1216
9313
9616
8414
6176
3725
9009
7831
5647
8095
5582
7358
399
1902
3910
4115
4765
506
5180
2912
2478
6785
7070
4788
690
7923
4185
2828
8974
2585
8137
5807
2791
5404
9349
4752
338
1569
947
7765
8663
6893
6716
5354
8724
847
8977
8625
517
3684
1496
590
2223
8533
6309
9427
9091
4210
6008
8050
6388
2235
1953
94
5398
531
5579
4775
6132
1810
1634
152
426
5051
8053
7026
1247
7473
1906
4463
1591
8582
1154
474
8261
3530
1957
6386
9147
7457
8099
867
2132
2050
7331
4845
3980
1597
2193
821
650
7317
8337
9130
5912
9295
9939
8827
1547
7088
5193
479
947
560
8077
6779
6009
5124
9101
1246
298
3988
9839
3118
5429
8329
2379
2713
7657
8650
5123
1061
1087
9264
3542
5240
6347
9762
5267
660
4118
7961
8193
2892
577
5132
4361
3773
3616
8334
6439
6135
1969
9037
1876
4101
2576
7355
8760
4319
3345
5359
9796
9656
101
4731
8731
3733
9697
5153
3435
4821
6360
556
6177
9664
4064
1358
2145
8349
7358
4321
7647
4432
872
2032
9746
4340
1988
3406
4900
2570
3489
7152
3496
4925
9748
7954
7352
2836
7702
3889
6390
1572
3591
2090
567
7542
6027
9804
9490
1804
5928
6453
5953
1109
8289
7765
9959
3710
4654
2810
2213
6164
3509
2707
5531
8074
5033
7838
794
5080
5202
6981
6187
9500
5104
7531
9714
151
1280
8280
5127
3610
7201
1273
7295
6270
2919
927
5072
5428
255
281
9297
1636
547
862
2773
4207
5898
3927
7930
7826
5049
9528
5083
7822
4863
9519
4720
1858
2047
8867
8561
6805
1580
8233
1234
9341
5255
1209
4149
4076
7
7566
3360
6924
7382
7739
7389
8008
7800
5089
6718
7419
8606
9169
9750
1879
2200
5220
7841
5938
9049
955
5182
3238
5341
3384
4747
5594
9947
1428
1069
1218
2685
3261
3620
673
1120
1549
84
1059
356
126
2270
9848
411
4574
8316
6367
5191
7128
2678
3425
4602
9567
2769
2134
8946
6875
1779
3615
8257
332
8397
1336
112
2695
6939
6654
4239
1467
1910
505
7206
4174
416
3076
8487
2842
7497
6933
4578
5782
7156
5397
113
8966
8487
5835
7608
4884
3591
7432
8843
9811
5391
5045
8853
9037
2809
2189
7187
8173
6896
9259
2612
1630
10
8806
2336
4754
6880
5989
4986
8334
6499
4245
6520
6142
6085
336
4622
612
8702
7288
5010
3820
7682
3015
1666
1571
8986
7721
3313
5227
8601
8109
1930
3715
8758
3737
1537
9875
3479
6946
7382
9595
8754
1152
6359
299
1878
4066
4201
7942
658
733
6760
5636
7732
5053
2821
1707
6632
6900
9158
3341
7112
1242
273
9261
4101
202
1582
9911
4391
864
9330
8192
8918
2022
341
9852
452
1636
6010
1559
4747
8929
3991
5260
3458
8550
1139
3140
9363
8563
8948
8730
5981
9121
6003
7781
2543
6244
2030
6303
2317
943
3608
8579
1816
5945
7891
8094
7190
4237
6327
8913
4925
6134
2788
5958
6620
675
8609
4691
9050
4592
9810
2750
9369
1160
8344
7589
8697
3624
2307
1868
8770
6349
87
3428
2079
8785
1612
8965
9305
535
4735
5742
6298
8304
8105
8173
5530
8116
7395
8088
6493
1716
4676
4520
7543
6500
2502
3763
7208
1426
656
9577
825
2196
9919
9865
4823
980
7000
5713
6326
1398
9288
5830
1641
5680
1253
6582
772
1622
1419
6554
4020
3565
4258
7756
7705
8215
8689
3497
1658
1647
6973
3466
4692
8130
575
9562
5895
1925
8621
8393
2842
8611
646
7150
8724
5033
490
9751
6008
4549
4995
44
7716
431
8500
2106
5577
7478
4620
5014
420
2860
1735
6926
9086
3838
5811
1250
3173
6867
8239
5467
5570
6113
8166
3601
9039
5876
4806
8486
8482
5032
39
5815
9448
6964
6654
2165
6298
7299
4889
8208
3141
3804
3479
3124
6446
6623
1498
6777
9067
9219
2809
3885
9621
8422
3821
9434
3078
3301
7017
5889
79
3129
6258
8063
7014
6212
8225
4994
320
5262
6937
3704
7536
1373
3365
9568
8200
3512
6375
6052
6868
1796
4522
9765
2299
8511
8558
9675
4712
4686
7312
4408
9123
977
1801
3170
2392
1306
263
7354
7655
507
3737
7216
3113
2906
6191
2289
2599
4488
6801
1589
2799
8900
3593
1186
2206
5486
8543
5198
2424
442
242
2981
2276
9167
4049
5571
1205
8239
6212
2846
4506
5212
1234
9054
9802
3749
8976
171
3486
5146
9707
4849
5399
7334
9982
2342
480
9001
4780
80
4765
4848
1075
7210
5589
5747
4779
720
7114
419
1794
7686
5071
9420
1494
1313
2981
3452
177
9254
4960
4321
2090
2673
1539
2535
4726
5384
992
7285
3211
1035
5230
4440
8788
6007
3312
4184
3885
6984
5558
5449
848
3237
5894
4714
8529
1119
8266
5946
2983
6743
1711
2884
5258
9598
5856
4279
7184
8115
8087
8691
1065
475
2446
3474
4704
5043
9691
411
6765
5700
6742
6860
5633
2232
1668
3765
6826
7718
6632
6164
6397
1454
2683
789
4391
8421
7876
3715
3940
8461
3084
2093
6458
6105
4534
1170
5531
4480
7009
1527
5486
825
674
4234
2537
8590
6759
2268
4427
6762
4756
3369
5073
4997
8935
2816
2774
7694
4997
455
2888
2191
7980
5208
3117
6737
9302
2648
1907
4969
6959
3134
1711
6961
6373
6566
1693
7617
6321
453
3098
6735
5502
7266
7598
8433
8087
2078
3448
3485
3006
9950
4180
9489
5781
2689
1709
4513
9841
7170
7822
904
7332
9658
3389
4340
3682
40
8256
9117
6597
7350
8049
3708
7102
4687
8206
4049
728
3820
2436
4778
1296
6875
4611
2908
8116
6769
8702
2159
4785
5543
1652
8169
9967
2381
1519
6026
3220
6590
6490
1546
6122
8008
8141
2810
3298
7744
6423
5556
1897
4861
5014
6590
5128
8043
1150
6370
9808
6833
7804
6199
871
2389
9700
853
7489
6038
5553
384
5945
4717
5298
4968
2037
8487
6488
3827
7595
2562
2745
7386
8847
5049
7889
9071
2381
8237
6492
1093
6886
8146
3547
9537
1760
4098
8854
1196
6488
6403
3490
2845
9373
7500
439
5891
2835
842
6271
4029
7637
7742
3232
4292
9172
1466
9815
3416
6643
5021
1632
844
5472
8042
7017
1336
9344
6889
5397
6409
8627
5608
9815
2132
1044
5469
2605
3694
6646
8504
2729
7778
6952
5187
2799
4904
8054
948
5094
7654
8638
3994
6618
6898
9730
2329
9338
9543
1359
4983
858
3697
7388
8147
9730
38
2264
4026
5677
8557
8085
6061
6047
5619
3141
5637
4234
2312
4723
3615
4277
7275
7369
1200
486
9541
5915
2303
9115
5156
7406
8470
6871
3763
1019
5287
7563
4603
7541
3815
8607
2164
1465
3823
4725
6312
6075
3999
3577
4287
3440
4445
6653
5004
3596
6851
8849
8785
8649
1151
1275
4125
1717
7564
5795
6807
5463
6786
1644
4401
4303
1903
6668
1721
2127
4723
5741
1189
4674
485
7173
4336
2992
3281
8335
5400
9213
4295
7736
5732
3537
2032
5462
3299
461
6343
458
7133
6953
5910
1824
8776
1229
3245
8253
7150
3302
641
9471
6726
3404
9275
5595
4700
3983
6548
4789
5747
7835
5169
5781
2172
3980
6431
6726
6768
5343
5680
5205
9298
4148
7043
9341
6600
7176
2966
5643
3143
7262
5752
5641
698
7590
5072
4844
9687
13
1131
724
3599
3388
2815
6886
8737
9723
1364
8327
1352
2920
7988
3136
574
5584
5988
5985
2749
8074
6665
6134
3310
2513
768
8088
1495
6850
5223
9607
9416
7990
4255
9989
6665
2899
6088
8902
1657
4244
8905
9779
5885
6998
4943
7906
9799
1509
7139
6227
7062
3138
2163
4162
6909
7823
7873
4189
9186
8461
73
1902
7963
7337
3834
2836
5904
9174
2061
8588
8285
9537
3807
7460
4824
1015
8751
5316
6172
732
3951
8403
3063
7071
3035
7149
6409
2814
5111
8769
8475
2475
4017
4609
4345
4259
5893
3522
2142
6063
4357
770
8599
8577
2873
9383
6247
7496
1383
298
4973
6294
8015
1707
201
5551
4056
4264
3672
6230
6944
2923
7274
7493
9008
3001
811
3331
4852
8203
9064
7089
1507
1822
4411
1493
7125
735
6965
9703
1312
9897
8879
1993
6051
5395
4085
4897
9311
4359
3134
7194
5147
5221
7914
8390
1827
3381
6324
9743
3489
4692
2094
366
1803
9867
3729
3484
9900
9101
7587
1316
1396
3394
2700
9097
9001
7188
4426
3846
6869
6863
8246
668
9546
3124
5125
6453
8679
3653
8834
4652
9599
8403
4445
5309
8874
1812
9883
9942
6758
1313
8698
7054
4049
7989
976
9526
2488
3612
3524
4547
9764
9240
1088
113
7993
6648
6067
61
2644
7757
1994
9848
3466
8055
7063
3814
3990
8357
7913
5640
5314
7474
3475
3204
4247
1254
7293
4597
2050
4702
8799
1009
2953
1391
6464
1023
6767
1177
1823
5971
7219
6518
8131
2344
6046
7143
9009
1447
2188
4520
5013
9393
7785
1976
9240
9468
4224
8104
9244
4146
5368
9526
9069
5451
8954
6432
9312
7155
4226
8036
4476
1853
8647
308
8371
7640
9001
9414
2878
7999
6261
5243
8574
7170
394
373
5321
1216
3984
1165
3014
5659
1787
2088
6481
1309
1271
9222
9728
9332
8646
4744
5226
1056
5947
7603
5643
4140
8035
1126
8333
1726
4170
9727
6433
4459
1893
6668
8126
8827
7493
1131
1789
8935
8989
5494
23
28
9180
4574
1734
2991
3987
1020
8383
871
5492
1653
2436
5646
44
5148
5001
2624
5200
9906
4167
435
4211
6158
5186
2033
888
9023
6252
4573
6715
4051
9503
9756
7518
1765
9016
3985
2796
8246
7678
1596
7885
310
8867
7544
2250
6691
8766
1803
112
9555
936
7155
6715
6159
1583
9896
5467
7482
4498
329
9486
5940
7962
5360
5592
9931
8674
9935
3074
9447
8093
6492
2888
5196
6334
2441
3579
971
1068
6979
1506
7982
3668
4483
5103
5405
6457
8989
6143
2015
6452
7995
8576
1159
6752
8580
3914
2556
5415
9924
4737
5323
4349
209
2025
3713
3565
5224
8560
7445
3576
9180
1196
1413
8705
4415
2584
4978
655
4491
6143
6714
6983
4552
1439
5868
241
5266
4299
3697
2999
5184
1927
9348
4001
2956
4099
2904
5145
5983
75
2078
2156
4883
9548
8785
4890
6617
6815
4231
4876
7762
863
7268
7365
5242
8895
5793
9985
9739
223
7065
6354
6987
1033
4731
6221
7860
7872
5956
9832
5380
3719
5896
3838
2507
8716
1456
4230
3172
9862
325
6664
8773
2240
8050
9210
9875
9997
5610
7940
8765
8031
1878
6867
6424
85
6302
506
5959
8127
5561
5573
914
6577
3694
5576
8341
1769
5943
8034
9753
7067
8033
1503
4150
9981
2063
4985
1117
8789
243
6143
3704
8674
5660
5007
9925
2522
6093
8366
922
2783
4964
2587
3180
934
5467
7675
2231
4183
1413
9587
8154
358
4079
3674
8598
5077
3542
7726
5590
6068
5349
133
3441
3397
9567
5229
1982
9152
186
1105
8509
6904
9337
1967
8710
5533
1339
4101
4131
6389
1722
3524
7150
4708
3712
6075
7217
237
3121
4599
4620
2134
8368
4433
9630
6941
8315
2583
5472
927
3397
9262
2466
9313
7788
5930
3367
8795
9724
7877
2501
4123
7890
6442
1436
2204
4046
3370
4026
1343
669
2385
5808
3656
7416
3270
689
3305
4649
7814
5535
3262
6499
1700
3507
7717
8777
7835
4558
5698
5841
1525
8265
9713
9485
9945
7962
7513
3063
54
8151
3330
5217
7544
7537
6044
9804
6911
4942
4880
8083
8632
7205
3363
4777
8111
7081
8411
9216
4947
7602
8410
906
612
7122
8545
5376
265
6646
1257
5597
8496
9940
771
8913
8535
7213
8677
9912
397
8996
5908
318
755
632
8646
4911
6128
3094
3113
247
2478
8483
1630
9283
9511
9548
1942
5904
7619
4540
8257
2212
7494
2942
6767
3480
7448
7928
4227
3300
8937
3631
7236
1334
5162
4753
9047
6859
3932
4591
728
6032
8644
5328
7321
5229
8737
9634
5052
2688
2594
4883
3467
3028
3528
5414
3909
251
5749
6070
5245
5224
4947
2301
1135
2858
6962
1859
9525
7298
2189
525
6769
3548
4183
8209
1980
751
4219
9451
3398
7387
442
3833
9307
9365
9270
8366
7006
8428
5425
9903
1604
9700
905
7550
8905
5061
3996
7252
4292
6498
5545
9339
9461
2540
3340
8321
627
9179
986
5134
7436
4614
5827
1894
132
8730
5195
6766
7113
6184
961
7438
4270
8694
6116
2251
5317
3558
2150
2737
6283
8838
5239
1383
4180
3986
8764
334
2055
7945
6185
6827
4116
6374
6914
5044
8822
9321
1169
7201
981
2214
9352
4885
4636
8845
8569
338
968
4725
5892
4888
231
9545
8454
8760
8096
1929
950
3850
6296
3806
8852
353
3737
1495
2981
4018
7761
7798
3436
421
6154
4053
7630
3907
418
1677
6530
361
8482
6367
4421
816
4197
1075
1160
1376
5104
6459
2690
6765
5250
8097
6656
9392
6998
9250
1009
7205
1281
3038
2946
5799
8799
7508
9423
5889
9119
7267
6195
4584
7882
9524
5854
8285
1203
2064
245
3674
107
8917
2029
3671
1627
7722
1034
8068
4886
5799
632
1091
7983
3885
2924
6624
3538
8747
3071
9579
4066
2849
638
5710
1589
1730
2305
3850
3621
999
6692
6364
146
6865
2383
7061
1168
6590
5327
8180
6150
2794
5568
6282
5804
2998
2343
4176
2011
5625
7122
1712
1157
8602
2016
1165
8631
1405
8552
493
8541
179
3549
2765
7553
8476
9563
9350
3732
3080
5577
2815
7152
8242
56
3347
2288
5808
7244
3910
3790
3455
2968
4918
5629
4863
6661
6925
5225
8349
1361
7351
2970
9683
9363
6209
8539
4660
9314
3062
5025
525
3349
564
1879
1461
3090
4254
4745
9648
4673
6887
7671
8457
4682
5435
8163
2562
192
3346
1740
1031
699
4716
2316
7311
7302
2549
6051
1567
9460
3639
5779
8824
2060
4128
949
2474
9141
4862
2847
6047
1103
2904
7419
1109
9030
5071
4317
5628
5415
5333
5376
9505
4316
3702
5294
1903
8736
9873
2635
5127
7986
6241
3231
6650
6382
5427
2945
5326
468
627
5794
4368
2940
33
7886
1439
8751
4123
1093
6012
6856
4832
5674
1548
8473
227
2187
4996
5834
2369
7357
8847
8149
293
8029
3929
7586
2562
4677
7902
7224
4283
4782
2311
7509
1571
4857
7347
1765
1756
8374
5972
2270
5852
6622
4669
2412
8363
8116
9140
9319
3089
7184
6672
2582
5540
926
5022
229
4256
6656
6444
7109
7323
4767
7737
6249
207
6393
2863
9212
7979
3517
2608
4580
1983
4484
3299
951
8248
1510
3782
8816
7481
8380
1755
93
9550
8083
9138
6830
5373
8142
5463
9076
8231
434
2472
8140
2892
2990
5721
8190
9123
4559
1171
4954
4729
9831
2792
4146
9734
3775
4028
7026
2014
9591
4795
2647
2430
7723
9658
2279
7668
4510
9136
5097
2381
2610
5414
804
3879
2355
3355
5934
8401
8009
4338
3767
7150
5346
3319
4117
5447
479
1365
3994
7820
740
5937
4112
8271
7259
8198
4199
8078
5479
1306
9185
445
265
3496
3618
6377
2055
697
1181
2141
5751
8408
9727
9401
5631
5744
2224
1183
6039
2341
4310
9580
169
9490
953
1528
6349
1164
7419
234
2431
3053
7094
6643
2760
2083
4054
2832
1212
9378
1432
4094
603
8372
5661
7610
724
401
9998
3895
6055
3622
9458
7444
8472
4225
3943
5719
3754
4261
2165
3646
6177
8995
1021
5068
7895
9557
1401
8001
3332
9754
8736
7697
8602
4767
9593
4898
1375
6366
2131
4617
5608
4879
9329
2502
33
280
3794
848
5101
8545
2874
5640
2917
7823
5685
9795
1563
6845
9545
6751
6999
5942
7843
7808
1100
5529
6947
2352
9433
4387
9383
2596
6852
9131
859
3311
1224
4586
6097
4854
8001
6462
570
6929
9346
2515
3031
1769
9062
4772
1231
4677
7809
4375
5874
6230
3301
703
8270
5578
710
9470
1330
6195
3954
4046
5624
5500
478
5881
6207
9378
4775
912
9647
4474
4680
3963
1554
1296
9484
5751
3053
3875
6112
1614
4836
7349
9233
8103
981
9791
9812
3356
4126
3011
5345
7912
1645
3209
9006
5538
3077
2141
1302
3714
7288
1490
8078
915
4867
5229
1255
452
6801
8106
9486
5294
8057
2345
4041
174
107
7282
1057
5308
2441
2429
7579
4304
8282
7669
653
8085
8970
5736
8464
9856
3204
8044
5967
8070
8625
3734
9209
2670
483
377
1802
9581
1268
3283
4475
9568
4631
5039
1064
6244
8407
7851
1259
8620
7789
5602
9436
7357
6125
7692
5099
1146
9683
685
8149
2843
6592
3808
9189
1817
5158
2327
6298
8488
8784
8556
6362
5990
9179
4422
3781
3442
6710
3368
3028
5355
2330
7984
8318
9177
2955
36
4110
9988
5601
4190
1775
716
1258
905
3958
5475
4868
1198
4647
6307
3665
8804
1489
1794
2151
7679
2527
8928
9565
5372
4967
3559
9423
683
2999
8048
8168
5649
1985
940
5715
3446
5145
1937
6272
3547
6268
6245
6378
3661
5246
4070
4916
9240
9946
2336
7115
5194
3690
4893
9997
9595
2239
1982
3104
4157
1620
5013
5110
4725
5027
357
8091
8096
3049
9189
3105
554
8483
771
4461
751
1539
2577
7327
4742
5970
4547
9509
895
3429
8403
2508
415
6993
4100
9567
540
6826
2715
8481
6398
7732
507
8041
6263
7501
6969
8538
8326
5054
6605
2082
5449
1535
763
6120
1952
4435
1664
8895
6617
1674
4929
4225
2356
5933
5760
7387
6056
2160
9142
8441
6206
1804
145
2276
4915
3275
2714
5156
7270
8160
4243
6739
5665
6449
3966
4963
1762
4957
2
802
3641
4141
8230
7924
2756
689
7822
2862
4299
6134
2874
3645
3268
4022
7104
2596
3992
6999
2026
934
9983
726
2596
5255
2084
1408
5057
8328
3296
940
9456
1409
3211
60
8322
1004
1028
6553
1901
3721
4750
3767
6661
5007
1313
9009
5146
532
6344
8188
935
9296
5428
3812
3836
6233
663
8911
6862
8194
63
2594
4555
2689
2358
7239
8736
7901
240
494
6023
1138
4017
4889
158
4370
481
8354
1894
5733
4108
3970
7681
159
3808
2910
9119
7510
7099
8280
5158
2856
6608
8846
1405
4263
7753
1371
391
8643
2022
9555
2047
4273
8833
6463
9261
4873
3904
6678
7620
5585
6799
3590
3281
4566
498
3896
8698
4746
6516
9593
4196
9629
3767
362
2660
8572
6903
8053
4661
8527
8803
6983
6884
9049
523
6046
8849
78
7840
7514
2440
6600
1534
7902
2485
7283
7121
9899
1061
4858
1870
7636
140
151
1404
8570
1405
5787
1530
5470
8153
3235
1989
5739
8034
6467
4308
5494
3569
6107
3645
1142
4861
9861
8282
3250
2271
4354
9817
8209
427
5621
2632
2133
6128
4697
1698
8100
6554
5928
330
2254
9200
7976
6441
7869
2321
6148
4898
7105
2573
1337
3790
216
9888
537
8194
5973
187
4055
8661
7795
4326
5958
1642
4592
5411
3909
9820
5902
855
3407
9442
4797
9796
1781
754
2232
8381
7409
6664
4902
1875
8762
6143
3833
5458
5588
7037
9444
3468
4611
356
4926
6366
7502
9659
7630
1194
7423
6186
9874
1271
5732
4344
5254
9849
7071
191
8455
7382
8295
6498
8493
8050
1754
5110
5635
282
2537
9372
1977
9599
4099
2643
2936
5126
4126
6195
8990
7667
3604
647
3015
9231
684
7539
5913
8739
2555
8846
1468
8821
7651
1151
4071
4738
544
7615
5701
6843
3945
2133
5038
4597
7620
9360
8589
4999
3064
9494
357
7705
9715
2103
4068
8973
5130
3478
9814
4496
1213
7145
8263
552
4117
8129
9101
4147
352
1040
6016
9406
3297
8710
6745
6334
8404
8624
1694
7175
7335
6801
8672
9315
2341
4323
1171
7040
8913
3541
3450
9365
2933
9159
9734
4485
9471
9487
5048
3664
6280
6156
6733
1054
9579
8922
4563
6579
3431
5576
3197
9742
9622
9665
7108
8238
7087
738
599
8448
5820
346
7332
6213
9883
3621
3110
7192
5231
8329
4816
4847
5255
5267
2272
1608
1687
5939
8609
7529
5908
8275
8679
3901
6829
4459
9520
6054
8514
3100
2891
6128
2063
493
1275
5178
2435
9950
7252
7737
6591
4028
4412
1984
9563
334
5268
9062
7192
9594
8361
299
142
4573
90
500
7741
4864
112
7537
7091
6489
931
1876
6503
4662
6277
6002
2312
4343
6191
5058
3703
6935
4989
8868
6923
9909
8540
3483
9645
8461
5171
8527
4670
5245
5514
4156
2920
1070
8337
4174
3787
2679
3895
1858
8443
35
5013
1187
19
790
6550
2322
6258
6886
9289
9385
5876
3601
4795
5400
7764
9038
7957
3514
4566
3007
8932
5387
8350
6022
4118
3518
5526
2728
9880
2328
2473
6201
470
6154
8254
7984
3900
191
8232
4388
5406
3635
1691
976
2231
4021
1604
4245
3305
1103
2662
3088
951
7933
7678
7339
7840
6145
1132
2659
7657
6037
892
2325
387
5422
4442
5037
7415
588
5107
2458
8244
6091
8717
6606
4174
4168
5470
7663
5729
4120
442
2148
5987
9362
1448
9221
6291
2162
381
1213
1738
1983
5358
821
9289
1944
8719
2190
7380
1197
6253
480
3256
8485
4306
833
3352
6991
1625
5305
382
5339
8590
3919
1408
5205
4110
6225
5474
2668
9487
7867
5674
3713
6600
3020
8585
1359
3722
3765
9773
758
9363
2263
1748
3317
5530
5598
9120
3319
6343
8818
8577
362
2165
7097
8018
8817
4527
3178
2891
5834
8111
8418
4977
3943
9703
4276
8730
1647
1110
8302
1739
2975
8098
2351
4314
3281
4463
9212
9118
7627
2731
4238
7891
7606
4763
2320
3181
9068
9228
9689
5810
1338
2139
5313
1129
7172
2835
834
1949
4355
3640
6916
1472
1901
4016
8834
6233
751
2920
2692
7086
4669
1428
5902
1262
2936
4800
4351
5921
5457
7044
5324
8348
390
7642
8709
5693
4573
3345
749
9978
7368
4451
9347
2168
6883
1234
6778
3690
1876
3391
3324
9736
848
3341
6188
6017
4349
8079
5227
2908
8833
1300
1541
6344
9988
5483
6547
6508
6164
7419
5803
1248
9994
2540
5683
8589
394
689
6363
8673
7414
3449
9600
6798
3126
4085
6950
796
3870
9747
661
446
161
5981
2814
5925
1392
8223
4171
3098
1262
6899
7819
9067
179
5573
2350
3673
4836
6412
598
2681
6637
6356
4586
3553
8177
6278
9235
3114
1651
8141
4722
988
6775
9189
1198
5781
5061
7025
5819
5278
2228
7895
9655
2384
1298
1091
765
8819
9315
4236
5834
3419
5334
3909
8401
5267
5040
3524
503
3081
1504
8139
5098
3572
1706
9637
4188
5620
7968
6480
3264
4325
6745
8610
3496
7160
450
538
1557
9115
8777
2009
7592
6642
5200
7932
9596
4114
291
436
7304
4894
2309
1049
2207
5846
6587
1292
9570
125
1629
1824
6690
8989
994
2032
7124
1447
4263
786
7502
412
1555
6788
8699
406
3272
4884
2561
8773
5718
9990
9540
7810
9350
2534
5918
1088
4782
6417
841
473
8795
8501
4398
6265
5327
4863
9489
2496
760
4713
9474
2393
8356
957
2119
6813
2868
4803
1568
2242
3282
1533
1698
1320
6455
275
8710
4803
5663
1461
615
7458
164
6705
3903
9680
9956
1271
6736
4090
8186
7633
8399
2174
7605
9591
3912
6960
3400
9422
7155
4549
683
4852
8582
4708
9500
5713
9972
2451
9969
5465
6027
7697
5519
864
4915
5057
2510
5785
5187
8113
9936
2016
2637
2146
9714
3658
5132
8170
6118
9942
612
8577
7470
2263
8727
2944
4008
8219
2729
9224
4078
5112
1611
7587
9725
9514
1303
9033
7124
8077
3159
9961
3135
6128
4822
4728
2174
8330
9786
2871
7500
5144
2082
7584
8148
8268
6370
4680
8965
836
4341
567
3570
3601
1657
4956
2684
3475
2769
5267
8809
575
3957
664
5407
6055
1015
8365
4493
9001
1902
8358
767
8897
644
7559
6947
9608
4375
1260
4550
1854
8903
9571
7133
1065
7874
4969
8320
1849
3869
9376
8639
6779
7253
2684
4206
409
9719
8214
2834
6573
97
6771
8798
2844
5861
5421
6363
7667
8978
162
9122
2144
6873
7162
8694
4398
4452
9526
920
2892
1070
8182
9382
5447
9818
8479
208
403
1369
9449
1676
1964
2943
2720
2945
1735
26
1228
6573
4304
5515
7928
3235
5274
6776
9207
3805
7999
9682
6883
3726
8998
128
2442
3197
6157
6499
7091
9764
1557
5159
9336
9107
6800
1945
6411
6685
637
9971
3891
5449
8639
603
8146
5602
7731
5749
4334
9166
4222
6918
5838
3112
165
3158
1545
829
1400
3086
442
7260
7529
5613
6526
7289
8367
9612
6931
2111
7013
1135
3127
88
7022
5837
9085
2415
6173
7636
8669
1851
7825
4151
9245
3988
5312
3795
2709
577
9984
4336
9377
3222
851
9753
3977
631
3510
5024
290
1983
5377
91
8460
3655
9664
3023
4522
1665
2804
102
4520
3821
9392
3548
4622
7616
7314
4126
9164
7842
1476
5271
3680
833
8508
5111
4732
7266
2990
347
651
4795
7927
8869
838
9941
4479
511
3092
1439
1776
3705
8486
4064
160
6046
8415
6325
2928
7455
5151
7017
7189
873
6715
5280
9874
2190
6674
7720
7497
8520
49
7777
4075
815
8649
7845
4421
211
6123
6082
2607
8689
2550
1098
7181
777
1188
3707
1158
7026
7253
7372
5819
4354
2038
5619
65
5614
2713
4693
1196
4645
2224
1782
7168
2737
7498
1403
8503
7538
2645
2514
2941
3959
3485
1840
2000
6955
8425
8964
9439
1466
1877
5250
7060
1689
8780
7838
5810
2951
2192
9083
3720
6993
445
9301
557
6531
979
799
852
8606
6842
6375
2965
8750
3015
2437
4292
579
2315
418
4308
8387
4107
8784
7717
7255
5048
9469
6082
3078
2510
5982
2061
1538
4582
100
8694
6845
8379
8290
7548
9882
7819
2121
3522
9743
2054
4641
6275
5954
5171
300
9658
5089
5891
917
3845
6212
5380
8113
1717
3164
7920
4745
8689
9417
8035
3274
7535
6430
5642
5063
1603
6731
7159
6971
8713
2002
7705
9449
9964
8538
8365
7242
730
8935
5618
2030
8505
7732
4128
8374
950
3060
2595
2560
8351
8627
2538
9725
2706
9914
3405
9510
3309
7152
216
4774
43
266
1353
8533
8565
4853
3205
1272
4634
5743
548
4476
5846
8663
5141
9333
6979
5238
5604
9235
4748
2371
7248
985
5897
2201
7676
358
8122
6438
9982
6178
4325
2995
9402
753
8825
7420
3769
1518
1897
2
2419
8150
150
9959
1858
2816
1843
9776
508
9145
1847
3587
9887
2440
8400
5040
2871
2238
3292
1475
1876
2480
6379
7467
3895
8556
9636
2452
4398
3298
9178
5787
643
3722
7021
6593
4478
3968
4231
9031
1098
8887
9297
4413
5340
5843
4370
1128
8288
1693
9225
3643
5366
5977
2114
9418
8109
2614
9859
8545
487
2042
9447
3782
1952
7417
5766
6130
7865
2175
9347
5187
8059
2098
1610
3313
346
6746
8902
9938
9512
4090
51
6663
6877
1537
9526
9951
5107
7923
2004
3161
2183
6083
5084
4457
1045
4026
556
1635
9157
7721
6448
4421
3386
6191
4001
2622
1689
2256
6560
6370
6842
2130
2185
1160
1460
7798
1916
6735
2425
8692
4216
7281
9736
3261
9052
8011
4982
5336
1499
4319
6445
7639
9567
1458
3466
561
9955
3589
8320
5810
9664
725
6693
9431
4599
2219
960
1367
5493
9652
286
6613
4680
7533
8828
6503
6658
2820
3129
2691
5575
7259
2222
6640
7703
5674
2954
9103
6794
6724
8461
9154
4190
1072
6300
7778
1682
8950
506
6763
7187
480
5476
7618
780
669
834
4563
6686
5870
4643
8238
8037
5221
1498
2904
8690
6610
8649
7352
4175
8766
4895
6460
3661
8248
1760
9002
3105
1558
6081
6504
3016
3765
5765
5644
6073
7588
8535
2361
3788
2659
7328
9454
3483
6963
224
2281
9088
483
1856
2718
5028
1264
7804
7014
519
379
1317
6700
1140
4454
8952
3413
3756
7001
5392
5392
3467
1375
1
906
6378
7905
9267
3501
1618
311
4709
9495
1086
1089
957
4954
4209
4729
9035
965
5808
1466
9341
8114
3324
910
5989
2587
9630
584
6024
2333
9698
4909
8328
662
3892
2604
9532
7302
4044
7260
5822
5007
7146
682
7988
332
902
3701
4698
1249
7449
6176
9559
5010
4257
4914
4096
3653
139
4032
2912
6284
4834
8825
4651
1551
1532
6681
7404
5902
7208
1364
625
199
547
5612
2301
7296
5341
9138
7590
556
4637
5441
7673
1027
5888
8400
6037
3438
5638
4180
5609
9147
5207
685
3352
6801
1780
4756
5236
3837
717
4904
6997
7299
8497
9376
3126
8940
906
4928
2708
649
8357
5377
5387
4976
4594
5847
6041
2070
4567
7666
2653
2528
6231
8095
3427
9099
1650
5224
4098
3329
3976
5600
8917
4864
3769
8778
7928
3452
8654
7262
8138
241
6688
5976
6861
9867
7929
5372
7258
573
692
5633
191
2824
6847
3747
2648
8393
3028
1439
2717
1179
3878
4294
4679
4891
9630
9605
8250
8354
8039
6268
6749
1721
1678
4216
7632
7091
5291
5188
3626
7653
6055
2423
1077
8736
3441
4206
8813
2335
4762
9019
1486
414
3988
4649
2558
6495
933
4287
792
1355
7339
2873
2292
3238
1848
6516
3328
8804
3370
6462
4311
4801
3560
1252
5171
284
1862
5723
9859
4901
2336
6918
9432
5128
2448
8000
1556
543
7312
8622
3086
2326
4841
9114
2163
8399
649
795
1819
4518
8728
6737
8753
1928
7290
1708
9707
3255
5652
2313
4508
8347
8226
5040
132
2094
2550
5065
9778
1349
8040
9851
3325
4466
3440
3229
1538
8223
537
6437
3080
4147
180
3567
1118
141
970
2344
5089
7288
4089
4581
8976
7125
592
8373
1720
1160
3334
2880
2373
5310
4792
4362
3575
8872
2478
8846
1282
4627
41
7058
106
3568
2629
1520
4580
6702
2062
9047
9625
9062
2732
5053
2564
6805
4677
6826
3231
9961
7999
8558
7431
9605
1027
3462
5004
761
2956
1469
6910
1825
9247
5813
4474
3148
5321
1662
6098
9563
6943
2559
3532
377
6684
6905
6381
5448
578
9800
6030
4003
2345
1684
7819
2902
189
8609
293
2157
6076
9139
8962
4958
2254
8735
1228
2125
5232
7216
2811
5788
9705
56
9384
5163
2376
4566
8104
8285
7940
985
4458
1019
1534
1401
4779
3136
3066
7431
4288
8476
766
6201
7961
1676
4466
1481
1962
3957
9910
4535
885
7703
8573
2673
7912
6488
4964
3366
6755
4604
6862
8495
3973
4216
3103
6815
5596
1780
9290
6446
7246
6183
4685
1213
2592
4138
505
1020
963
8539
4631
5182
9206
7792
1001
4345
1424
3863
8121
965
4200
3289
1543
9044
3252
2002
1679
1885
3424
2906
1897
9557
8916
2894
5177
4395
9714
2320
7575
184
5248
4713
3824
1684
9254
5960
155
235
1874
2496
826
5741
8534
382
6548
6590
5283
1339
6189
8440
8150
3075
7268
4450
1193
5304
9240
6040
6958
6017
4270
2872
6402
5930
8495
6557
4379
9030
3073
8919
6056
8258
6053
1193
3777
7387
9239
8714
4954
1540
9447
2187
2361
6435
6582
7528
7563
9260
5741
7139
1230
5862
4246
5295
1420
7923
2005
4540
3305
1473
6982
7666
3556
215
7103
1862
1232
8100
4031
1550
5259
7703
1326
1016
6449
9678
777
1271
1293
4703
6255
4153
9933
127
86
4279
2844
7379
9521
1138
5971
4599
7018
1023
294
8205
165
7266
8190
3165
7079
6992
653
793
5500
6488
4935
3061
8826
243
5939
1254
4606
758
1561
4965
1549
5494
206
1743
8123
3294
7380
2045
4766
3834
2866
1573
8044
637
8376
2080
6047
9425
2522
3832
2306
8178
9900
6521
8898
6560
636
2920
6952
4094
3246
3360
4614
9057
6472
1553
8898
1152
6370
7679
3949
4051
6572
448
2905
2184
2877
255
4683
4642
1274
8599
9910
201
5299
1902
5730
134
3671
3498
8743
9975
9621
89
8452
5558
1531
7085
4218
5053
2743
8424
2048
9116
8132
7862
5844
7551
9863
8325
5074
9029
4315
1967
2880
5292
3061
9539
5347
8086
1516
5902
4436
8891
568
4823
9434
1942
9331
5795
9247
517
1547
719
2728
9839
4301
3891
6517
4408
9009
4901
8956
2315
6292
6432
7043
5828
5133
7455
6421
3083
83
3193
4796
1741
2001
7705
6630
3512
9565
5218
6114
2300
6134
3355
1961
3262
1432
3887
9388
2419
4162
2152
2141
3625
4304
7083
9480
2890
1136
9829
860
7315
7147
2372
9018
8900
2159
7037
4270
2831
3670
5770
1399
2249
7358
2246
7255
3745
920
9349
8855
6812
2468
7869
1776
6355
5870
9601
3063
9115
5424
4697
6952
2292
4196
1121
9425
1737
1340
8144
3001
6750
6776
7657
7043
3187
9852
7007
8798
3139
8490
355
4804
4304
8971
4269
7800
2290
9263
8005
2137
1811
4254
5944
5588
1319
1581
1164
9091
3293
2104
8450
3215
2239
332
6096
332
7760
5756
6005
2619
2516
5261
4093
254
1974
7159
6024
5530
6116
5236
9446
964
7262
4605
2510
7825
1235
2696
5491
9137
1710
6181
2819
3779
9240
8434
5106
8212
3749
5716
4929
562
6643
4320
2058
3015
9920
9473
5454
1605
3392
2973
2528
9662
4698
4911
4584
6143
4354
315
1983
3623
8276
9878
8865
5775
2738
1399
6712
7350
7088
3045
8452
5664
5278
5668
4675
6974
4453
6847
2729
9754
6157
5964
6769
634
6028
1473
6101
7348
2568
8098
712
1781
88
7823
1112
3066
6968
4042
9758
5287
4512
3806
1589
1141
1691
3141
1116
6837
4991
4043
8348
5840
2199
6790
8809
7885
6121
1752
7893
2510
8805
144
2249
4293
4626
9139
4102
5635
9057
6098
5755
7635
9296
2079
4133
3471
9404
3993
9173
8743
394
1352
5921
1455
4564
4223
559
4189
1243
5111
2251
4499
3535
2861
9210
6517
7158
6026
1269
1397
8277
2369
9314
1212
3266
1621
8266
1142
9377
8112
3832
9385
2452
8622
7565
3932
9019
615
7399
7777
6394
3123
5030
1149
3105
523
1723
4000
6769
9915
1215
9520
5664
6756
69
7154
6627
7160
6001
8891
4141
9345
9579
5383
5918
1402
4025
2592
1143
913
3977
5830
3457
3346
9571
3342
9229
1658
2132
3884
7748
7136
8913
2057
900
7847
2733
680
8691
7436
1081
5504
4885
1830
9160
5892
4951
1570
2179
577
1752
2950
660
444
199
1669
6924
6756
2128
4343
110
7730
6989
5432
29
8746
6300
6669
8950
7272
1224
925
5211
6613
5749
8198
8061
1314
7720
8022
8357
9571
2210
2818
3117
6314
7943
9198
502
343
7724
6573
8529
859
8596
6267
4583
4450
116
8163
9058
2648
3948
5823
8054
1259
334
98
2918
8685
136
8820
86
5521
1036
8334
3853
4166
2768
6972
5915
2992
255
1438
7886
3669
5051
1330
4436
2822
7029
1181
9762
8768
6381
4330
439
9694
6710
6453
810
604
2003
9487
4093
9696
5246
5239
5439
1573
1788
7574
7905
9100
9912
8311
6121
1455
9334
600
4652
431
3992
6105
5034
2675
4804
4295
9739
9533
2880
6595
7796
2509
8676
6656
5474
5001
7827
993
5825
3360
4198
9825
3606
8376
2129
1832
7601
685
3366
3674
6358
6915
5880
3720
4759
2019
7767
3314
5006
499
1444
5705
2873
8746
717
6092
9147
5667
5071
1968
3863
3129
3275
4612
7661
7960
1440
3435
8843
5932
974
764
9344
7238
7935
7098
254
1183
8714
2177
6262
7106
1385
7952
7686
6303
3042
7745
2441
8940
8423
9540
7906
7095
6277
1900
2500
1260
5925
9229
7842
5398
3372
2348
4727
6621
9354
9886
3097
7720
1951
9082
745
942
5394
7490
9057
8544
3530
3987
7015
254
6447
5939
6619
3022
8677
6556
886
33
8417
2271
5974
7592
1354
3274
3856
6083
4802
3947
2950
9051
9063
2229
1356
3795
6926
6676
6667
6366
4171
739
7715
694
8345
2747
279
7399
5455
6841
7762
7569
7949
1047
1496
6175
8757
1412
987
8493
1859
8530
5579
4177
7907
5818
2973
2773
929
3749
6567
3888
4741
6145
4730
4022
5111
4073
7638
4700
313
5546
5129
4666
8616
3125
1931
6243
2496
8342
6947
1315
1534
7590
203
4717
199
2402
318
3363
325
7497
6252
146
2977
5503
3020
8863
1951
9955
8271
9375
4915
7822
5246
4297
7422
8312
2247
1149
210
5969
4344
6513
3884
1653
1529
9599
1712
5499
9351
5188
7659
9504
2054
2653
7480
1788
7993
3246
8143
5001
2571
7962
9582
26
6589
4456
4098
3432
2861
7928
7707
1563
6366
5462
6425
7083
9810
7439
1106
337
6940
3224
537
7750
1442
7117
1210
5100
715
4217
9981
5620
2237
1995
3996
6993
7946
8982
3547
2346
7687
898
5847
6370
2225
4817
7142
7731
9789
1489
135
1544
4076
8776
1489
7082
5099
2079
6664
6536
8199
8180
8272
3505
592
4276
3852
5368
7275
8183
2682
3392
4486
3137
2117
4111
5967
8671
5354
6058
8214
7749
4730
8072
6165
7513
2599
6788
9482
4066
8221
1949
5538
3078
7881
5069
9067
6183
4447
581
6067
839
8762
2204
7625
3374
6926
4593
9616
4633
3582
2711
3373
6712
6090
3396
2884
9408
5553
5337
3054
3776
6036
7328
3211
6846
7860
6365
82
4177
9325
4134
2517
6129
2195
7468
5730
2801
7160
4491
7426
9263
518
1002
9555
2828
6328
4435
7112
8367
9772
1776
952
2201
1141
221
1465
6318
2516
6407
2143
6973
8427
6061
5252
3494
3967
8783
8950
7058
5825
9151
8823
4718
6236
2479
3613
9500
2616
7451
7590
238
4598
3232
1072
9025
162
6852
8597
2281
2758
9774
3213
9808
134
9371
3126
3871
5565
10
4234
8243
8617
8360
4178
6620
1914
5778
8048
6565
2613
3210
2850
5505
8636
6528
4798
7349
7909
2517
9335
8822
4666
7738
3493
816
3517
5603
7612
5849
421
5440
8447
9995
8271
2777
7040
2679
3001
511
5683
7362
7122
748
7679
9623
584
1937
7389
9181
1222
8203
8020
9562
251
6953
1390
4924
9319
6654
904
4436
6060
5988
6128
7235
8055
7477
5441
2979
3723
4987
9502
6188
4808
4152
7562
2246
2742
9403
4189
368
7944
3296
8545
673
9213
231
4145
9032
6606
6947
1143
8253
3532
5567
9307
5118
7740
3670
6653
3110
6123
9261
9368
6285
1578
9057
8651
7152
8182
1922
4364
9213
5880
6359
3905
3251
9311
7981
6193
3217
5337
7889
7886
7129
939
8972
3332
5628
7433
5722
5054
2232
7895
9172
3128
2754
2414
9490
8475
3065
1497
4033
1656
7301
6511
2768
5441
3043
2797
9678
5390
7850
9261
2991
1433
6959
6106
5799
7951
2579
395
7413
4734
531
751
6045
9145
4955
2773
1988
6551
6367
1842
386
7065
120
7776
2935
8771
3154
7656
7689
5166
9095
5424
9367
5277
4016
1223
1371
7019
9063
8238
4422
1346
6334
2976
7374
4573
1082
3247
7018
9821
4100
7116
5456
1456
430
9328
7684
7605
2147
5271
7779
1388
5325
9069
7235
2763
4813
5865
174
5852
1437
782
5176
2976
8264
966
9151
7676
9631
730
7091
816
5549
2086
6482
8531
3991
5191
4858
1521
4436
9893
3992
9195
1690
889
5835
6950
3665
9119
1502
6674
8424
7484
3829
5806
3546
2699
9673
5665
526
2659
4181
7355
7262
5547
3074
7329
9842
4455
1124
2657
3233
936
9123
6399
3390
9847
637
2242
6851
5347
3367
8362
7336
3977
7225
7769
6968
147
2488
1952
4249
9175
1133
7540
2454
1271
7721
7281
2619
4473
4791
2095
4256
2335
6070
149
6317
8158
1536
7546
6661
4120
5462
1755
9645
6972
8513
6428
4419
2537
3720
5979
1449
161
8097
1249
2996
8540
3260
8948
3192
7749
7475
2521
6152
9449
6428
4986
7284
8571
613
9237
7940
8324
1915
5626
3009
1202
8819
9356
6213
5139
4258
9058
7739
1759
8364
8688
2412
6293
4274
4210
2320
6063
5461
4704
1850
2900
689
3530
9088
3844
4246
2536
3195
1770
8751
1514
2158
7961
4660
732
7100
3987
9684
3273
7432
5940
9834
9759
5218
4656
4422
9548
1698
3289
621
8620
3014
9929
7040
8875
8607
5931
1341
7241
893
7801
4079
1212
342
6407
3426
4660
2476
5245
5398
7121
1108
1802
7299
781
3168
8226
4401
2833
1390
8487
3145
7673
4013
2198
4999
4173
9807
1978
3796
6644
5553
2381
9953
9532
1173
8004
5284
5517
1187
1891
8167
1217
9682
4415
4495
4309
3188
1017
8003
5668
3583
158
9197
4261
6591
5097
3109
5688
6804
9315
5212
3208
5840
3759
9819
9351
3889
9102
755
7798
6398
3525
7975
1828
4633
7653
9595
958
1339
9819
4553
4520
5854
4959
2134
2559
5286
2926
2064
2186
4045
4566
1896
2620
5738
3745
9425
4341
5515
76
8444
7785
5716
1090
896
7510
2247
3267
3099
9311
4885
6399
2480
3311
2844
9392
3293
7853
455
6540
1231
6832
9918
7673
5443
8800
7998
9689
4496
1879
4489
187
1387
9358
3735
2558
7442
1719
6373
6507
4807
9481
5711
4335
6752
4959
7969
7409
576
6551
246
3434
5185
3572
1482
5201
736
8184
1794
2406
7370
9768
5492
1289
8947
6403
5638
4802
3924
9281
3807
8448
6475
4705
9024
4818
7545
4136
7418
9178
2127
6436
2255
3096
5443
6053
7625
9029
7037
3677
6912
3184
2799
8923
4392
9126
2472
3109
352
2714
2970
520
3938
3089
825
5504
6279
4037
4515
5880
8528
5634
3079
1029
4002
9745
8333
9710
3183
7499
4137
583
3786
2637
3402
4263
3581
861
389
9833
1075
6106
48
261
2867
5604
3158
988
208
9724
3112
3863
6026
4605
2650
7258
9459
7666
6892
9339
8200
1043
4755
1074
8699
4159
7188
6058
2905
3683
8996
8031
6843
6835
265
5420
5032
354
8356
4823
4328
1957
9191
5380
8028
4461
8357
5698
14
2440
979
9576
3974
8182
5910
7134
5146
9405
8316
1694
727
9562
7936
3730
7447
9096
3833
6298
6604
7291
7835
3248
3541
7278
1882
1248
8832
5292
6204
8357
3136
7158
684
516
8226
8399
4279
8111
1258
3178
1712
7840
2650
2322
3741
9148
619
6390
1868
4755
9456
9519
5833
9536
1254
110
7280
1868
6838
8820
6303
7405
9502
6334
3416
8118
396
1863
1595
5298
3298
7925
9856
4263
4612
8178
6078
8199
7555
1418
2739
5385
8597
9221
5423
7005
9934
6080
5686
6380
4248
7625
2223
5564
3423
6067
9578
2808
378
1778
1888
6344
5171
2939
6111
2472
3052
6430
4421
8064
2630
7541
5449
6834
8156
2623
8481
3875
6386
873
5758
6246
8385
168
7786
3536
7416
8730
7218
8567
1768
702
7489
8737
8259
2153
3361
1345
4027
2894
4522
8224
4876
741
1849
6054
9424
1680
3818
8353
5156
9360
4426
2524
1685
2544
1855
3186
3098
6583
7826
3991
4625
2992
7146
4125
3140
7655
1243
1001
1487
1452
9914
1747
8817
9432
705
607
2580
2442
6071
8642
9097
6965
5825
9783
1547
1998
7737
8482
4061
7315
8238
3909
8488
4531
8657
7081
171
1810
7584
8519
8599
9842
9234
8574
8555
219
3276
4434
8192
272
9558
2293
6612
5600
9115
6240
1202
7832
9202
2290
2681
3809
9223
5916
500
6384
5257
4240
2493
4011
7146
6287
8057
60
4676
9503
9748
2021
3649
6470
9294
8085
3278
7724
7591
9147
4119
3281
2446
1017
7206
30
7264
8338
3956
2022
367
9141
5172
7821
4117
7927
1137
6470
9873
3771
1084
3956
6592
444
3497
8484
202
9206
8258
821
2731
3923
7812
9058
9624
5493
2882
6068
9302
5889
6970
7945
3501
8771
3770
5701
3047
7046
9586
796
4405
1525
7166
5086
1216
7491
4798
2263
6732
3682
1238
9043
5883
1061
7476
8719
1028
2546
2674
7827
8370
8540
3944
4131
2516
8563
5890
765
1702
7610
1402
4930
1780
5345
3088
7157
4916
7500
2210
2148
9405
8593
6498
7910
4639
7175
7559
8716
9730
5273
2494
5640
9936
3333
4968
6687
5410
7331
2969
6547
5578
7803
3257
9242
8245
4142
494
4046
4787
3646
4572
8854
7317
992
1754
4889
5147
2594
8260
8095
5493
7589
9904
1852
8987
1664
810
4428
189
4408
2012
4408
1204
6983
4197
6331
7539
7532
266
9391
661
6218
6589
600
2240
1536
1782
7971
8393
6
2620
7880
7676
3977
1991
5224
7362
8460
1577
2712
5461
5338
5969
8009
7312
4952
1645
5798
5966
6466
5954
613
5664
9015
215
5845
2898
8232
3887
9748
1817
3095
4440
4807
6038
5252
8131
9086
5936
1803
4675
6162
9831
6931
6401
9180
3458
8480
8359
1441
7179
8682
9116
7857
3655
9007
7812
2771
8772
2324
4142
7181
6320
8704
1170
8601
5088
8673
8030
2076
6834
512
7083
745
6574
6712
2765
1068
4963
5619
8973
5669
2494
9840
374
8014
1980
7048
9409
2973
6011
2104
8754
6819
1227
6665
3355
438
4857
1124
3112
9311
742
8817
9107
6174
5859
1423
8325
4600
5095
4827
12
3973
2398
2140
4066
3994
3527
4128
9395
2633
5512
2976
8661
838
4370
7011
4782
2745
3212
704
987
3819
4085
2080
5106
9040
5424
4456
9162
3298
3385
2658
5659
7776
1190
1167
1800
1544
743
9994
29
1922
6504
245
6115
9179
5716
194
4397
3036
9421
1068
4907
1680
9596
9962
1739
9448
369
9645
5519
6907
4625
9961
7557
4298
8223
3578
9463
9456
9968
2145
5222
6091
1891
7410
2733
6272
6972
8555
9887
4952
2499
2249
1850
5115
4677
5459
1834
8262
5473
5637
4831
3789
3343
2094
67
7191
2962
9107
5394
9828
110
5732
3740
7236
4315
5404
544
8385
1670
8315
3159
782
6972
8612
842
1548
6858
7492
1639
8754
5039
8929
419
1223
7430
9299
7548
6300
1196
6525
7710
7625
4960
9334
2539
5252
7396
2396
9934
7741
7554
416
1515
1879
8516
9671
2515
8076
763
9124
1484
7043
3159
9318
7861
4673
9850
9679
7808
9603
9993
7752
6001
2187
6182
839
3866
1772
9667
4730
3010
9183
4543
4429
7253
8341
4725
4631
7377
6411
6408
7103
6865
2383
2606
1950
7976
8342
8328
6961
4929
5303
3791
7346
8425
8325
7844
1118
4367
9975
7904
5086
8959
406
9810
5813
7510
1414
9252
5203
6465
5383
604
3222
9526
2597
3846
4228
3061
2825
3064
4107
2120
3195
9187
4117
8762
6954
7123
2830
327
5068
5353
1841
5688
7036
7758
3180
3976
9391
6495
461
4057
8890
5433
3322
8662
9017
1455
7373
4489
1626
7577
9660
9903
4161
1294
5634
2080
4207
1307
6097
7052
2441
3949
6923
8257
2921
8248
9780
3057
6248
1035
8107
8382
4085
3406
4983
3963
213
8095
5574
3637
4761
2811
3554
1372
5075
6152
6721
2437
6034
7180
2305
4410
3575
7393
3844
8978
519
2658
7921
9872
9970
6298
9075
9896
1932
1748
3730
6186
6458
6934
524
2199
5467
2467
3670
6738
9262
9147
3348
4693
2180
1904
3278
2311
689
2370
6788
9864
2157
3885
3895
8215
4103
5261
2488
1997
4429
4887
5946
8797
6199
1327
2438
8834
3534
5685
1625
7478
5039
8653
4090
2284
288
1991
9197
4134
7660
4422
7448
492
8571
8692
4778
4511
4190
5744
7369
865
5377
6169
7484
9124
7993
4927
199
2275
2207
5919
9274
7020
4380
1739
8980
4130
8153
577
6878
5136
5900
464
8069
7079
9217
7710
9037
798
262
4212
9265
490
5764
1244
1407
7283
9771
8279
4718
3608
5099
6234
7285
218
252
7901
8337
7601
371
6813
7126
9724
2065
2235
3583
6788
4935
395
8814
2890
32
3350
2346
5814
7783
8794
6137
1011
9986
99
3494
4652
6654
9551
1954
1260
2396
4287
6631
3844
2861
5453
4152
6185
7576
9428
5162
9594
8497
3651
4204
6
5309
5303
4659
6465
5038
2538
3033
310
6550
8393
1524
1140
3307
1394
4283
9111
1673
7804
2672
9659
200
8891
1153
1310
6999
8159
9402
2987
5134
9358
8318
8418
3081
60
6180
1415
9797
4620
5656
9318
7356
9324
923
4662
6128
7021
2036
9045
7433
6558
933
8041
5212
8705
314
9135
6793
9844
5690
2826
3642
1962
2078
6123
170
3939
5012
4937
9882
6732
3149
6976
7646
164
4652
4867
3467
8661
4414
1512
2606
9772
3797
7161
7079
9974
6097
1529
8803
5990
832
3253
6644
3147
4302
6578
438
3239
7946
5928
3994
8798
8198
5196
9964
4071
8983
6511
7814
6095
1587
9481
4384
3353
404
4753
3622
3125
1604
3352
2630
4055
2107
9315
3416
1173
4094
1001
4938
8560
8799
8588
9360
5500
9002
9587
4973
4298
8919
8828
2523
6487
5229
2836
5502
8368
7007
9752
274
1950
9400
9934
8243
1921
6293
7445
6605
8748
6628
1281
2615
6475
2941
8210
9150
2399
8639
5486
4646
500
3966
5105
8506
937
4734
6031
7466
415
4515
9724
8502
4476
9750
7275
3896
4069
5339
9039
2784
8947
5309
3526
9846
9388
3655
9501
650
6099
8561
9867
8113
6367
9108
8590
7678
2476
130
1162
5927
3128
9740
6239
3712
1296
4789
5358
4335
3567
5324
9175
7113
8014
1237
765
3943
5212
7079
6167
6321
6076
5775
6695
257
9609
6567
6800
6243
7665
8129
8586
3461
1047
3570
2166
376
3281
3240
8464
271
4526
3539
5032
5580
5223
8808
108
9085
9591
4262
8887
7971
3
8152
4067
632
8754
2984
7198
7148
3270
2060
3149
9578
796
5796
1810
4138
4402
7512
6753
8319
6844
1335
6069
4353
5501
7418
3008
9200
9217
2103
2709
773
3316
4247
8502
9600
5410
6707
184
1373
3528
2766
65
3241
5293
3147
1703
9650
7553
5131
4676
231
9497
8701
3534
990
8245
7644
2032
6536
6097
3858
6236
5089
8672
643
5648
2142
6749
2260
9135
5960
773
8732
5396
1055
7969
6033
7055
7617
1325
684
5512
544
9013
5012
9137
6188
2031
7276
4115
2165
6967
7496
8070
2797
5806
345
9091
4489
2826
5783
2670
5091
6800
9550
9486
7214
7775
2656
4006
6130
4707
85
3842
5133
2004
7724
8249
9228
7780
2666
9936
4364
3859
1769
6861
6066
3230
762
249
2366
3343
9528
6395
5000
6
9649
6664
6299
7847
6266
2256
6780
7879
3718
1639
194
1293
2468
5976
3754
7883
427
5936
5869
7521
8783
5433
2416
8818
8066
3059
4196
1955
3830
7619
3657
2359
1163
9792
2965
485
5061
1231
3607
481
6206
9546
5624
6083
271
228
5346
1514
4110
8069
2615
5848
4621
3044
1346
7464
9437
5962
6221
4687
5529
1590
3212
4702
3521
3464
794
1880
257
4088
5528
8265
2613
5387
6534
7317
9486
2882
9519
242
8482
2896
7080
9103
6180
9688
9478
1787
9738
1344
1628
7727
4550
2378
3809
5291
4632
1523
2635
4164
7917
4993
4756
4122
8262
7526
4190
2102
1190
3918
5508
3050
9457
3531
3457
6419
741
7409
3642
7551
5578
8522
7496
1961
2471
3888
1770
4542
8402
3474
5680
9542
6045
434
5059
744
6314
2365
3996
5928
4878
584
3499
8564
3259
5795
2956
95
2521
2044
2587
4449
247
413
9703
2881
1974
7964
3915
5413
8585
9706
8721
9489
2867
9458
3346
3921
7018
9803
3280
5171
9171
8905
6675
8768
763
52
4828
6030
9189
3065
4198
4862
8797
1056
510
9747
5043
249
3838
2695
1796
4550
1975
7384
8749
4255
8539
58
3318
4721
5372
1376
1713
2576
7757
456
6263
7127
9071
6701
4063
5038
7999
3217
8050
9734
5834
7832
936
5761
9888
8579
6635
5206
7494
9805
1486
1095
7330
4294
6628
2470
4273
2071
9799
3463
1516
3700
3842
9598
3941
3976
1303
8985
5967
6631
5310
2598
2217
8047
1453
5909
1713
9696
3305
2956
158
9235
275
7842
6196
2358
3417
969
808
9107
292
8438
3306
9533
8053
6448
5840
5228
8697
2781
1079
6934
6150
5165
208
471
7732
3933
6267
658
7673
6058
8476
3605
9941
3586
3698
9871
5533
2317
8318
1565
9773
9852
2544
6530
2941
5233
7527
9845
1389
1970
7612
2565
3394
655
592
931
8353
8079
6479
9004
9850
6319
1007
8028
3071
3020
6567
2558
4801
1517
9686
9086
7622
644
2737
7257
8376
7412
5204
2617
7207
386
571
3271
877
1042
2473
6279
1073
1350
3321
8710
6995
2233
6182
8953
9369
6765
619
8560
6099
561
867
5009
847
2068
9210
7987
6561
5124
337
5348
3938
869
3098
4377
7034
3632
6338
2574
8980
7875
6544
4806
2063
8723
7991
2515
9533
8080
2804
3601
695
7228
6634
7784
2627
3446
9799
1816
4615
6281
1380
1114
4381
7087
9340
6275
9295
8433
4494
382
7611
764
842
8645
374
7372
2472
1837
9843
7624
1805
6712
2885
1016
5953
5449
4467
8121
4353
6917
1103
1476
1073
637
415
4694
6413
2627
7932
5675
2100
1245
9199
9199
4237
8930
6501
8744
9358
485
3475
3434
2791
6158
6785
383
1653
4836
3367
36
7087
1989
421
8905
4762
4240
1057
7436
3772
9898
2815
1441
4414
9878
9597
9603
4985
9474
7445
9668
6634
3518
5158
4257
8838
7091
1188
5370
8355
4903
9662
944
5272
203
1402
6193
7478
3869
3277
3172
5151
9386
4805
8699
5398
6525
4586
1404
900
1358
7362
9665
6013
8833
9416
5872
6282
5714
1441
7110
71
6083
8060
1508
3049
3286
6449
7936
6479
1192
7259
3833
9486
5127
1017
4508
7523
6922
7226
1877
577
6519
6473
4448
281
625
7260
5187
7327
2891
1548
3812
4285
2339
7754
9209
576
2469
2058
3371
2052
4553
3060
5269
7965
7038
1351
993
5584
5573
3005
9548
3381
4565
9130
8767
7575
7150
8357
9552
9744
8166
1189
8367
2121
5391
6633
1179
2051
7967
7448
5156
5065
8517
11
6329
4413
7013
3010
1507
3360
6759
3817
1848
1898
5423
9739
5110
9368
3636
8184
4543
76
7299
5059
5279
3973
7384
3533
6376
5715
9787
1037
8419
2429
8991
3131
8888
9466
379
3258
7763
1596
2723
4369
2046
6565
7906
3690
6606
610
7528
5998
1449
4953
2563
7612
4681
7655
1071
3438
6935
9295
6208
2590
7220
5776
9470
4392
3341
2164
5004
2466
2708
1493
2291
6712
2633
6941
3390
3778
4834
6012
3735
7034
9280
4071
8691
8166
543
7851
8502
8506
5612
9451
344
1233
5967
8147
4265
2975
7488
4028
238
5596
3930
3316
8509
2870
408
3847
9466
1295
8071
2845
6252
4790
5734
7669
7210
9880
8244
9013
5132
9493
9034
2048
7599
7709
3224
1528
2577
8811
953
970
3659
2162
944
8479
4891
1986
5158
335
9493
889
4585
4081
1723
9606
4894
1262
664
1120
7193
2140
8095
6405
5149
1788
3529
2425
8648
3372
5003
5127
5693
7363
3392
4180
5145
8429
8173
3198
5491
4938
5490
600
5087
6093
633
5777
7847
404
9742
3251
2989
2030
3206
4551
8282
119
9629
3475
7469
3363
3500
1253
2176
1785
8632
1286
8352
9176
7490
3354
9027
5904
2973
1840
3466
8997
8922
4168
3767
2979
3041
3374
5552
7296
1008
4789
6847
9027
214
6164
7225
8251
2354
6285
2588
9950
1912
1537
1876
448
9025
6641
7655
7166
8173
2530
867
